2 0.2696917808219178 0.1703767123287671 0.0976027397260274 0.09075342465753426
2 0.3390410958904109 0.09589041095890412 0.09931506849315067 0.113013698630137
2 0.654109589041096 0.3690068493150685 0.09931506849315071 0.10102739726027397
2 0.1763698630136986 0.654109589041096 0.11643835616438357 0.11986301369863014
2 0.41267123287671226 0.7046232876712328 0.1095890410958904 0.1421232876712328
2 0.4726027397260274 0.7131849315068493 0.06849315068493154 0.09075342465753422
2 0.7054794520547945 0.5393835616438356 0.11986301369863014 0.09589041095890401
2 0.875 0.6549657534246575 0.09246575342465746 0.11130136986301373
4 0.5727739726027398 0.8715753424657535 0.0976027397260274 0.15410958904109592
4 0.9486301369863014 0.910958904109589 0.10273972602739719 0.1061643835616438
4 0.1695205479452055 0.8681506849315067 0.1232876712328767 0.11301369863013705
2 0.05650684931506848 0.7260273972602741 0.11301369863013697 0.12328767123287676
2 0.04195205479452055 0.5684931506849316 0.0839041095890411 0.11301369863013697
4 0.08476027397260275 0.23458904109589043 0.11472602739726029 0.13356164383561644
4 0.2714041095890411 0.264554794520548 0.0976027397260274 0.1113013698630137
5 0.2585616438356164 0.37842465753424653 0.09931506849315071 0.09589041095890409
5 0.47431506849315064 0.2919520547945206 0.11643835616438353 0.13869863013698633
4 0.4477739726027397 0.148972602739726 0.12500000000000008 0.1095890410958904
4 0.473458904109589 0.2559931506849315 0.1455479452054795 0.07363013698630137
5 0.815068493150685 0.2722602739726028 0.09931506849315071 0.14041095890410957
5 0.9229452054794521 0.226027397260274 0.1061643835616438 0.13013698630136986
5 0.6746575342465755 0.0881849315068493 0.09246575342465761 0.1113013698630137
5 0.5419520547945206 0.04366438356164384 0.10102739726027402 0.08732876712328767
