2 0.18921232876712327 0.6412671232876712 0.11815068493150684 0.10445205479452056
2 0.05393835616438356 0.7080479452054794 0.10787671232876712 0.12157534246575338
2 0.04366438356164384 0.5530821917808219 0.08732876712328767 0.13698630136986295
2 0.2525684931506849 0.1626712328767123 0.1113013698630137 0.11643835616438357
2 0.3253424657534246 0.10017123287671233 0.10616438356164391 0.125
2 0.6575342465753425 0.36130136986301364 0.08904109589041105 0.1164383561643836
2 0.7063356164383562 0.5547945205479452 0.08390410958904113 0.13356164383561642
2 0.4768835616438356 0.7174657534246575 0.09417808219178077 0.12328767123287662
2 0.4246575342465754 0.7183219178082192 0.10273972602739732 0.10787671232876718
2 0.3981164383561644 0.6232876712328768 0.0976027397260274 0.13013698630136994
5 0.3219178082191781 0.699486301369863 0.08219178082191778 0.12499999999999993
5 0.422945205479452 0.8595890410958904 0.08561643835616436 0.11643835616438367
5 0.34332191780821913 0.8467465753424658 0.05993150684931507 0.11815068493150677
2 0.23630136986301373 0.8313356164383561 0.09589041095890412 0.12157534246575338
4 0.16695205479452058 0.8681506849315069 0.08732876712328769 0.11986301369863014
4 0.5839041095890412 0.8672945205479452 0.12328767123287669 0.11815068493150677
4 0.9426369863013698 0.9152397260273972 0.11472602739726029 0.1181506849315069
4 0.9580479452054794 0.6104452054794521 0.08390410958904099 0.12842465753424656
4 0.966609589041096 0.4871575342465754 0.06678082191780817 0.1181506849315069
4 0.8587328767123288 0.4888698630136986 0.09075342465753408 0.10787671232876711
4 0.803082191780822 0.46832191780821913 0.05479452054794521 0.10445205479452056
4 0.5256849315068493 0.27140410958904104 0.05136986301369859 0.11130136986301363
4 0.4460616438356164 0.15496575342465754 0.09417808219178085 0.11815068493150685
4 0.2705479452054794 0.2696917808219178 0.10958904109589039 0.10445205479452056
4 0.10273972602739725 0.22345890410958905 0.10616438356164384 0.10787671232876711
5 0.2679794520547945 0.3827054794520548 0.08390410958904113 0.12157534246575338
5 0.5693493150684931 0.5513698630136986 0.08047945205479458 0.1164383561643836
5 0.5719178082191781 0.39640410958904115 0.08904109589041098 0.12842465753424656
5 0.8090753424657535 0.28852739726027393 0.10102739726027395 0.11472602739726025
5 0.9289383561643835 0.23373287671232873 0.09760273972602733 0.13184931506849312
5 0.684931506849315 0.1018835616438356 0.10616438356164387 0.12499999999999999
5 0.5402397260273972 0.05993150684931506 0.08732876712328767 0.11986301369863012
5 0.9614726027397259 0.7910958904109588 0.07705479452054803 0.12671232876712338
