2 0.44349315068493156 0.3407534246575342 0.09931506849315064 0.09931506849315067
2 0.3638698630136986 0.2328767123287671 0.0976027397260274 0.10958904109589042
2 0.23886986301369859 0.2123287671232877 0.09417808219178081 0.10616438356164382
2 0.1344178082191781 0.37842465753424664 0.1113013698630137 0.11301369863013697
5 0.511986301369863 0.5368150684931507 0.06164383561643838 0.11472602739726036
5 0.6429794520547945 0.46832191780821913 0.10445205479452056 0.125
4 0.23630136986301367 0.7414383561643837 0.12671232876712327 0.1061643835616438
4 0.4717465753424658 0.8253424657534246 0.1044520547945205 0.08904109589041098
4 0.7106164383561644 0.7131849315068493 0.06506849315068479 0.07705479452054789
4 0.163527397260274 0.20976027397260275 0.0976027397260274 0.09760273972602736
4 0.04366438356164384 0.1934931506849315 0.08732876712328767 0.08219178082191782
2 0.3039383561643835 0.025684931506849314 0.1284246575342466 0.05136986301369863
4 0.3125 0.1309931506849315 0.11130136986301366 0.09760273972602741
2 0.5162671232876712 0.1772260273972603 0.09760273972602747 0.09417808219178085
2 0.8090753424657534 0.24828767123287673 0.08390410958904113 0.0821917808219178
2 0.7371575342465755 0.3065068493150685 0.039383561643835635 0.07534246575342465
2 0.48287671232876717 0.7003424657534245 0.1164383561643836 0.08561643835616436
5 0.08818493150684933 0.6044520547945206 0.10445205479452056 0.13356164383561633
5 0.0881849315068493 0.7782534246575343 0.05993150684931507 0.09760273972602747
5 0.025684931506849314 0.7243150684931507 0.05136986301369863 0.08561643835616436
5 0.03339041095890412 0.7842465753424658 0.06678082191780824 0.14726027397260283
5 0.9049657534246575 0.8193493150684933 0.08732876712328774 0.1318493150684931
