3 0.1421232876712329 0.1815068493150685 0.0958904109589041 0.11986301369863012
2 0.2525684931506849 0.05993150684931507 0.0976027397260274 0.10958904109589042
2 0.12585616438356165 0.02996575342465753 0.07363013698630137 0.05993150684931506
4 0.3767123287671233 0.2928082191780822 0.1061643835616438 0.09246575342465757
5 0.5316780821917808 0.20976027397260275 0.09417808219178077 0.12842465753424656
5 0.5796232876712328 0.4486301369863014 0.10445205479452056 0.11301369863013697
5 0.3844178082191781 0.5248287671232876 0.09417808219178085 0.11472602739726029
5 0.18150684931506852 0.3373287671232877 0.10616438356164384 0.13013698630136988
5 0.21575342465753422 0.702054794520548 0.06849315068493152 0.10958904109589042
5 0.3621575342465754 0.9323630136986302 0.05993150684931507 0.08390410958904113
5 0.8715753424657534 0.4554794520547945 0.07876712328767127 0.09931506849315071
5 0.8210616438356165 0.19520547945205483 0.07363013698630141 0.11986301369863016
5 0.8672945205479451 0.2011986301369863 0.0667808219178083 0.11130136986301371
5 0.6361301369863014 0.04452054794520548 0.09075342465753422 0.08904109589041095
5 0.5993150684931507 0.05993150684931506 0.07534246575342465 0.10273972602739725
2 0.5111301369863014 0.036815068493150686 0.06335616438356169 0.07363013698630137
5 0.339041095890411 0.0488013698630137 0.0787671232876713 0.0976027397260274
2 0.7380136986301369 0.3107876712328767 0.12328767123287676 0.1386986301369863
2 0.8493150684931507 0.37157534246575347 0.09589041095890423 0.10273972602739732
2 0.9186643835616438 0.7465753424657534 0.10102739726027408 0.09931506849315071
4 0.529109589041096 0.7131849315068493 0.09246575342465753 0.10102739726027395
5 0.4648972602739726 0.7654109589041096 0.05993150684931507 0.10958904109589042
5 0.4366438356164383 0.704623287671233 0.10273972602739725 0.08732876712328774
5 0.5008561643835616 0.6472602739726027 0.07020547945205478 0.09931506849315064
4 0.24743150684931506 0.8107876712328768 0.09760273972602743 0.125
2 0.08047945205479452 0.8125 0.09246575342465753 0.10787671232876704
2 0.06934931506849314 0.6558219178082192 0.09417808219178081 0.09931506849315071
2 0.12243150684931507 0.5513698630136986 0.12157534246575345 0.11986301369863007
2 0.04366438356164384 0.6977739726027398 0.08732876712328767 0.10445205479452056
4 0.7542808219178082 0.473458904109589 0.09760273972602747 0.125
4 0.6875 0.47517123287671226 0.05993150684931521 0.1147260273972602
2 0.6181506849315069 0.5881849315068493 0.09931506849315076 0.11472602739726032
