4 0.16398840885142257 0.12842465753424656 0.30298810778262836 0.23972602739726023
4 0.6965602890260425 0.1035958904109589 0.4685383110040645 0.2071917808219178
5 0.6856277284359478 0.2131849315068493 0.39669576998344125 0.2654109589041096
2 0.23739274424205933 0.3595890410958904 0.47478548848411867 0.273972602739726
1 0.36077449947312973 0.5376712328767124 0.2779993978624116 0.25684931506849323
2 0.7574702694565709 0.4845890410958904 0.42168447990365804 0.2705479452054794
2 0.9482349841938884 0.3527397260273972 0.10353003161222332 0.2636986301369863
2 0.6215941592653923 0.6789383561643837 0.5310100858046064 0.24828767123287676
4 0.4779090772241457 0.773972602739726 0.40606653620352245 0.25
5 0.1749209694415174 0.8544520547945206 0.3123588740027097 0.18493150684931506
4 0.8701452656932109 0.8946917808219177 0.2597094686135782 0.14897260273972607
4 0.10776381153093484 0.5128424657534244 0.20928044558181547 0.11472602739726057
