2 0.4794520547945206 0.4220890410958904 0.07191780821917809 0.11130136986301366
2 0.9306506849315069 0.5410958904109588 0.1352739726027397 0.12671232876712332
2 0.5428082191780822 0.09246575342465753 0.10958904109589042 0.11643835616438356
2 0.24486301369863014 0.3827054794520548 0.09589041095890409 0.1318493150684932
2 0.19434931506849318 0.46832191780821913 0.12500000000000003 0.10787671232876711
2 0.1660958904109589 0.6446917808219179 0.10273972602739725 0.0976027397260274
4 0.07191780821917808 0.44349315068493156 0.09246575342465753 0.13356164383561647
4 0.11729452054794522 0.3553082191780822 0.12842465753424656 0.10787671232876715
4 0.08304794520547945 0.2422945205479452 0.1113013698630137 0.0976027397260274
2 0.09417808219178082 0.1429794520547945 0.113013698630137 0.09417808219178082
5 0.1523972602739726 0.08304794520547945 0.08219178082191782 0.11815068493150686
4 0.297945205479452 0.2808219178082192 0.11643835616438356 0.12671232876712332
5 0.3424657534246575 0.1660958904109589 0.07534246575342465 0.13013698630136986
5 0.43321917808219185 0.22003424657534246 0.07534246575342457 0.11815068493150684
1 0.8244863013698631 0.8261986301369862 0.10445205479452042 0.12157534246575338
5 0.9255136986301369 0.7217465753424658 0.07705479452054803 0.125
4 0.8116438356164383 0.625 0.10958904109589028 0.11986301369863007
4 0.5933219178082192 0.6309931506849314 0.10787671232876718 0.08390410958904099
4 0.654109589041096 0.704623287671233 0.10273972602739725 0.12842465753424662
4 0.7174657534246575 0.8022260273972602 0.09931506849315057 0.1352739726027397
4 0.7731164383561644 0.8989726027397259 0.11472602739726029 0.09246575342465761
2 0.48116438356164387 0.8758561643835617 0.11301369863013705 0.125
2 0.0761986301369863 0.7611301369863014 0.10102739726027397 0.11815068493150677
2 0.07106164383561643 0.7011986301369862 0.10445205479452055 0.056506849315068594
4 0.34332191780821913 0.7414383561643837 0.10787671232876715 0.11643835616438353
4 0.1840753424657534 0.7517123287671232 0.09417808219178082 0.09246575342465746
4 0.6301369863013698 0.45890410958904104 0.10958904109589042 0.14041095890410957
4 0.783390410958904 0.4263698630136986 0.10787671232876704 0.11301369863013697
4 0.8912671232876712 0.3142123287671233 0.08390410958904113 0.13527397260273977
4 0.8561643835616438 0.2517123287671233 0.10958904109589042 0.12328767123287669
4 0.7363013698630136 0.2328767123287671 0.07876712328767127 0.10273972602739728
2 0.901541095890411 0.1566780821917808 0.09760273972602747 0.12499999999999999
2 0.901541095890411 0.06678082191780821 0.10787671232876704 0.08904109589041095
2 0.6472602739726028 0.08561643835616438 0.08561643835616436 0.09246575342465753
2 0.4948630136986301 0.327054794520548 0.10958904109589042 0.06849315068493154
4 0.32619863013698636 0.821917808219178 0.1113013698630137 0.12328767123287676
4 0.15325342465753425 0.8587328767123288 0.10445205479452052 0.10787671232876718
5 0.40667808219178087 0.45376712328767127 0.08047945205479451 0.13698630136986303
5 0.6455479452054794 0.18921232876712327 0.07534246575342465 0.11815068493150684
5 0.5898972602739726 0.20034246575342465 0.07020547945205478 0.11986301369863012
5 0.5565068493150686 0.238013698630137 0.07191780821917818 0.1164383561643836
5 0.6909246575342466 0.32619863013698625 0.05993150684931521 0.09075342465753419
5 0.7662671232876712 0.12756849315068494 0.08390410958904113 0.11130136986301371
5 0.8236301369863014 0.13356164383561644 0.07876712328767127 0.08561643835616438
