2 0.05222602739726026 0.07705479452054795 0.10102739726027396 0.1404109589041096
4 0.11044520547945204 0.21917808219178084 0.10102739726027397 0.13013698630136988
4 0.2559931506849315 0.276541095890411 0.0976027397260274 0.1113013698630137
4 0.48801369863013705 0.4811643835616438 0.09246575342465753 0.10273972602739719
5 0.422945205479452 0.43921232876712324 0.06506849315068493 0.11815068493150684
5 0.4657534246575342 0.30136986301369867 0.07534246575342472 0.11643835616438356
5 0.5761986301369864 0.3835616438356164 0.07705479452054781 0.10958904109589042
5 0.6532534246575343 0.5051369863013698 0.05993150684931507 0.10958904109589035
5 0.5633561643835617 0.5590753424657534 0.11986301369863014 0.13527397260273966
5 0.327054794520548 0.6977739726027398 0.10616438356164384 0.12157534246575345
2 0.4263698630136986 0.7191780821917808 0.1164383561643836 0.09931506849315071
2 0.19434931506849318 0.6601027397260275 0.12500000000000003 0.12500000000000008
2 0.057363013698630144 0.7063356164383562 0.11472602739726029 0.13184931506849323
2 0.036815068493150686 0.5462328767123288 0.07363013698630137 0.1061643835616438
2 0.25 0.8527397260273972 0.08904109589041098 0.08561643835616436
4 0.15496575342465754 0.8758561643835617 0.0976027397260274 0.12842465753424662
5 0.7628424657534247 0.9460616438356163 0.12157534246575338 0.0941780821917807
5 0.9563356164383562 0.7799657534246576 0.0873287671232876 0.11815068493150677
5 0.9289383561643837 0.23202054794520546 0.09075342465753422 0.1352739726027397
5 0.803082191780822 0.2962328767123288 0.09589041095890409 0.12671232876712332
5 0.696917808219178 0.10273972602739725 0.10273972602739732 0.11986301369863014
5 0.521404109589041 0.046232876712328765 0.08390410958904113 0.09246575342465753
4 0.4597602739726028 0.16095890410958902 0.14897260273972607 0.09589041095890412
2 0.3150684931506849 0.11386986301369863 0.09931506849315071 0.10445205479452056
2 0.261986301369863 0.17551369863013697 0.12671232876712327 0.12842465753424656
